106 119
1 59 1 10240 0
1 93 1 10240 0
2 88 1 10240 0
2 93 1 10240 0
3 4 1 10240 0
3 12 1 10240 0
4 44 1 10240 0
5 8 1 10240 0
5 6 1 10240 0
6 68 1 10240 0
7 51 1 10240 0
7 48 1 10240 0
8 10 1 10240 0
8 9 1 10240 0
9 51 1 10240 0
10 24 1 10240 0
11 31 1 10240 0
11 32 1 10240 0
12 13 1 10240 0 
13 73 1 10240 0
14 15 1 10240 0
14 16 1 10240 0
15 19 1 10240 0
16 97 1 10240 0
16 78 1 10240 0
17 18 1 10240 0
17 87 1 10240 0
18 20 1 10240 0
19 94 1 10240 0
20 94 1 10240 0
21 23 1 10240 0
21 101 1 10240 0
22 91 1 10240 0
22 24 1 10240 0
23 25 1 10240 0
25 91 1 10240 0
26 90 1 10240 0
26 62 1 10240 0
27 39 1 10240 0
27 29 1 10240 0
27 43 1 10240 0
27 77 1 10240 0
28 29 1 10240 0
28 38 1 10240 0
30 39 1 10240 0
30 52 1 10240 0
31 32 1 10240 0
31 33 1 10240 0
31 34 1 10240 0
31 38 1 10240 0
31 77 1 10240 0
33 90 1 10240 0
34 76 1 10240 0
35 36 1 10240 0
35 76 1 10240 0
36 37 1 10240 0
37 69 1 10240 0
38 76 1 10240 0
40 43 1 10240 0
40 44 1 10240 0
40 41 1 10240 0
40 42 1 10240 0
41 53 1 10240 0
41 42 1 10240 0
45 89 1 10240 0
45 47 1 10240 0
45 49 1 10240 0
46 92 1 10240 0
46 89 1 10240 0
47 92 1 10240 0
48 49 1 10240 0
50 83 1 10240 0
50 75 1 10240 0
52 57 1 10240 0
53 56 1 10240 0
54 55 1 10240 0
54 89 1 10240 0
55 56 1 10240 0
57 92 1 10240 0
58 61 1 10240 0
58 73 1 10240 0 
59 60 1 10240 0
60 61 1 10240 0
62 64 1 10240 0 
63 64 1 10240 0
63 65 1 10240 0
65 67 1 10240 0
66 67 1 10240 0
66 68 1 10240 0
69 71 1 10240 0
70 72 1 10240 0
70 71 1 10240 0
72 103 1 10240 0
73 74 1 10240 0
74 103 1 10240 0
75 98 1 10240 0
75 102 1 10240 0
78 83 1 10240 0
78 96 1 10240 0
78 82 1 10240 0
79 80 1 10240 0
79 81 1 10240 0
80 84 1 10240 0
81 95 1 10240 0
82 83 1 10240 0
82 106 1 10240 0
83 84 1 10240 0
85 86 1 10240 0
85 95 1 10240 0
86 87 1 10240 0
88 94 1 10240 0
96 97 1 10240 0
98 99 1 10240 0
99 100 1 10240 0
100 101 1 10240 0
102 103 1 10240 0
103 104 1 10240 0
104 105 1 10240 0
105 106 1 10240 0
1 1 1 1 1 1 1 1 1 1 1 1 1 1 1 1 1 1 1 1 1 1 1 1 1 1 1 1 1 1 1 1 1 1 1 1 1 1 1 1 1 1 1 1 1 1 1 1 1 1 1 1 1 1 1 1 1 1 1 1 1 1 1 1 1 1 1 1 1 1 1 1 1 1 1 1 1 1 1 1 1 1 1 1 1 1 1 1 1 1 1 1 1 1 1 1 1 1 1 1 1 1 1 1 1 1 
